SM:2025-02-28T14:24:32.8501732Z
LM:2025-02-28T15:12:14.6729823Z
CT:image/jpeg
MA:2592000
CL:900946
