SM:2025-02-28T14:24:32.8611773Z
LM:2025-02-28T14:24:35.1956205Z
CT:image/jpeg
MA:2592000
CL:412650
