SM:2025-02-28T14:24:32.8691774Z
LM:2025-02-28T15:12:31.4081128Z
CT:image/jpeg
MA:2592000
CL:40636
