SM:2025-02-28T14:24:32.8691774Z
LM:2025-02-28T15:12:52.5085654Z
CT:image/jpeg
MA:2592000
CL:1043766
