SM:2025-02-28T14:24:32.8501732Z
LM:2025-02-28T15:12:31.6070610Z
CT:image/jpeg
MA:2592000
CL:56859
